6506	2219	4
-0.08485280722379684	2.4439327716827393	-7.670563739736735e-09	0.30248504877090454	0.8052166104316711	1.0	0	0.0	0	0.0	0	-0.834780216217041	-0.5480725169181824	-0.05252011865377426	0.05666537582874298	0.009360612370073795	-0.9983494281768799	0.5476595163345337	-0.8363784551620483	0.023242678493261337
-0.0989895835518837	2.466663122177124	-0.012505299411714077	0.3034181594848633	0.8009586930274963	1.0	0	0.0	0	0.0	0	-0.834780216217041	-0.5480725169181824	-0.05252011865377426	0.05666537210345268	0.00936061143875122	-0.9983493685722351	0.5476595163345337	-0.8363784551620483	0.023242682218551636
-0.0841837152838707	2.4439327716827393	-0.010634884238243103	0.3043622672557831	0.8052353858947754	1.0	0	0.0	0	0.0	0	-0.834780216217041	-0.5480725169181824	-0.05252011865377426	0.05666537582874298	0.009360610507428646	-0.9983494281768799	0.5476595163345337	-0.8363784551620483	0.023242682218551636
-0.08485288918018341	2.656064748764038	-1.2792834347408188e-08	0.30246251821517944	0.7646702527999878	1.0	0	0.0	0	0.0	0	-0.8347817063331604	0.5480703711509705	-0.0525200217962265	0.068717822432518	0.009069412015378475	-0.9975948929786682	-0.5462759137153625	-0.836383044719696	-0.04523317888379097
-0.0989895835518837	2.6333343982696533	-0.012505299411714077	0.303400456905365	0.769101619720459	1.0	0	0.0	0	0.0	0	-0.8347817063331604	0.5480703711509705	-0.0525200217962265	0.068717822432518	0.00906941294670105	-0.997594952583313	-0.5462759137153625	-0.8363831043243408	-0.04523317888379097
-0.09977634996175766	2.6333343982696533	-7.0182348821390406e-09	0.30119308829307556	0.7690795660018921	1.0	0	0.0	0	0.0	0	-0.8347817063331604	0.5480703711509705	-0.0525200217962265	0.0687178298830986	0.009069410152733326	-0.997594952583313	-0.5462759137153625	-0.8363831043243408	-0.04523318633437157
-0.08485280722379684	2.4439327716827393	-7.670563739736735e-09	0.1583346724510193	0.8407804369926453	1.0	0	0.0	0	0.0	0	-0.7153493762016296	-0.6973157525062561	-0.045012056827545166	-0.4416165351867676	0.40123653411865234	0.8024862408638	-0.5415257215499878	0.5939360857009888	-0.5949704051017761
-0.0661427229642868	2.4252781867980957	-0.008355778641998768	0.15499214828014374	0.8384190797805786	1.0	0	0.0	0	0.0	0	-0.7153493762016296	-0.6973157525062561	-0.045012056827545166	-0.4416165053844452	0.40123650431632996	0.8024861812591553	-0.5415257215499878	0.5939360857009888	-0.5949704647064209
-0.06666849553585052	2.4252781867980957	6.435735944165799e-09	0.15643766522407532	0.8377376198768616	1.0	0	0.0	0	0.0	0	-0.7153493762016296	-0.6973157525062561	-0.045012056827545166	-0.4416165351867676	0.40123650431632996	0.8024861812591553	-0.5415257215499878	0.5939360857009888	-0.5949704647064209
-0.09977634996175766	2.6333343982696533	-7.0182348821390406e-09	0.30119308829307556	0.7690795660018921	1.0	0	0.0	0	0.0	0	-0.9179301857948303	0.39251503348350525	-0.05775894969701767	0.06667785346508026	0.009114591404795647	-0.997732937335968	-0.3910987079143524	-0.9197004437446594	-0.034538619220256805
-0.10999131947755814	2.607401132583618	-0.013895143754780293	0.30270349979400635	0.77410888671875	1.0	0	0.0	0	0.0	0	-0.9179301857948303	0.39251503348350525	-0.05775894969701767	0.06667786091566086	0.009114593267440796	-0.9977329969406128	-0.3910987675189972	-0.9197005033493042	-0.034538622945547104
-0.11086564511060715	2.607401132583618	1.7215219472177523e-08	0.3002507984638214	0.7740843892097473	1.0	0	0.0	0	0.0	0	-0.9179301857948303	0.39251503348350525	-0.05775894969701767	0.06667786091566086	0.009114593267440796	-0.997732937335968	-0.3910987079143524	-0.9197004437446594	-0.034538622945547104
-0.04592205584049225	2.41141676902771	-4.715667856203254e-09	0.15436303615570068	0.8342645168304443	1.0	0	0.0	0	0.0	0	-0.5552059412002563	-0.8309788703918457	-0.034935373812913895	-0.4634914696216583	0.27425116300582886	0.8425924181938171	-0.6905953884124756	0.48400458693504333	-0.5374175310134888
-0.0661427229642868	2.4252781867980957	-0.008355778641998768	0.15499214828014374	0.8384190797805786	1.0	0	0.0	0	0.0	0	-0.5552059412002563	-0.8309788703918457	-0.034935373812913895	-0.4634914994239807	0.27425119280815125	0.8425924777984619	-0.6905953884124756	0.48400458693504333	-0.5374175310134888
-0.045559898018836975	2.41141676902771	-0.005755564197897911	0.15336735546588898	0.8347339034080505	1.0	0	0.0	0	0.0	0	-0.5552059412002563	-0.8309788703918457	-0.034935373812913895	-0.4634914696216583	0.27425119280815125	0.8425924181938171	-0.6905953884124756	0.48400458693504333	-0.5374175310134888
-0.11086564511060715	2.607401132583618	1.7215219472177523e-08	0.3002507984638214	0.7740843892097473	1.0	0	0.0	0	0.0	0	-0.9699832201004028	0.2353898584842682	-0.06102650612592697	0.0650041252374649	0.009167936630547047	-0.9978429675102234	-0.23432259261608124	-0.9718577861785889	-0.024194054305553436
-0.11676616221666336	2.5792622566223145	-0.014751004986464977	0.3022755980491638	0.7795184254646301	1.0	0	0.0	0	0.0	0	-0.9699832201004028	0.2353898584842682	-0.06102650612592697	0.0650041252374649	0.009167934767901897	-0.9978429675102234	-0.23432259261608124	-0.9718577861785889	-0.024194052442908287
-0.11769422143697739	2.5792622566223145	-6.2350200558114466e-09	0.29967182874679565	0.7794923782348633	1.0	0	0.0	0	0.0	0	-0.9699832201004028	0.2353898584842682	-0.06102650612592697	0.06500411778688431	0.009167933836579323	-0.9978428483009338	-0.23432259261608124	-0.9718577861785889	-0.024194050580263138
-0.023410869762301445	2.402880907058716	-7.562308113051586e-09	0.15219055116176605	0.8304945230484009	1.0	0	0.0	0	0.0	0	-0.35446178913116455	-0.9348044395446777	-0.022305043414235115	-0.4756060540676117	0.15970122814178467	0.865040123462677	-0.8050811886787415	0.31723207235336304	-0.501206636428833
-0.045559898018836975	2.41141676902771	-0.005755564197897911	0.15336735546588898	0.8347339034080505	1.0	0	0.0	0	0.0	0	-0.35446178913116455	-0.9348044395446777	-0.022305043414235115	-0.4756060540676117	0.15970122814178467	0.865040123462677	-0.8050811886787415	0.31723207235336304	-0.501206636428833
-0.023226233199238777	2.402880907058716	-0.0029341664630919695	0.15168294310569763	0.8307337760925293	1.0	0	0.0	0	0.0	0	-0.35446178913116455	-0.9348044395446777	-0.022305043414235115	-0.4756060242652893	0.15970121324062347	0.865040123462677	-0.8050811886787415	0.31723207235336304	-0.5012065768241882
-0.11769422143697739	2.5792622566223145	-6.2350200558114466e-09	0.29967182874679565	0.7794923782348633	1.0	0	0.0	0	0.0	0	-0.9949551820755005	0.07839558273553848	-0.06259647756814957	0.06350843608379364	0.009191563352942467	-0.9979389905929565	-0.07765865325927734	-0.9968799352645874	-0.014123974367976189
-0.11905375868082047	2.5499987602233887	-0.015039993450045586	0.3021332025527954	0.7851221561431885	1.0	0	0.0	0	0.0	0	-0.9949551820755005	0.07839558273553848	-0.06259647756814957	0.06350843608379364	0.009191563352942467	-0.9979390501976013	-0.07765865325927734	-0.9968799948692322	-0.014123974367976189
-0.11999998241662979	2.5499987602233887	-6.134231789189926e-09	0.2994784414768219	0.7850956320762634	1.0	0	0.0	0	0.0	0	-0.9949551820755005	0.07839558273553848	-0.06259647756814957	0.06350843608379364	0.009191563352942467	-0.9979390501976013	-0.07765865325927734	-0.9968799948692322	-0.014123974367976189
-0.023410869762301445	2.6971166133880615	-7.562308113051586e-09	0.20140518248081207	0.8312350511550903	1.0	0	0.0	0	0.0	0	-0.12217938899993896	0.9924782514572144	-0.007688281591981649	-0.42556414008140564	-0.04538797587156296	0.9037892818450928	0.8966423273086548	0.11369629204273224	0.42790868878364563
3.7252898543727042e-09	2.699998617172241	-1.1379597708582878e-08	0.19953709840774536	0.8352838158607483	1.0	0	0.0	0	0.0	0	-0.12217938899993896	0.9924782514572144	-0.007688281591981649	-0.4255641996860504	-0.045387979596853256	0.9037893414497375	0.89664226770401	0.11369628459215164	0.42790868878364563
-0.023226233199238777	2.6971166133880615	-0.0029341664630919695	0.20088353753089905	0.8310280442237854	1.0	0	0.0	0	0.0	0	-0.12217938899993896	0.9924782514572144	-0.007688281591981649	-0.4255641996860504	-0.045387979596853256	0.9037893414497375	0.89664226770401	0.11369628459215164	0.42790868878364563
3.7252898543727042e-09	2.399998664855957	-1.1379597708582878e-08	0.15000365674495697	0.8265725374221802	1.0	0	0.0	0	0.0	0	-0.12218932807445526	-0.9924769997596741	-0.007688955869525671	-0.48102304339408875	0.05244150385260582	0.8751382231712341	-0.8681513071060181	0.11063111573457718	-0.4838120937347412
-0.023410869762301445	2.402880907058716	-7.562308113051586e-09	0.15219055116176605	0.8304945230484009	1.0	0	0.0	0	0.0	0	-0.12218932807445526	-0.9924769997596741	-0.007688955869525671	-0.48102301359176636	0.05244150012731552	0.8751382231712341	-0.8681513071060181	0.11063111573457718	-0.4838120639324188
-0.023226233199238777	2.402880907058716	-0.0029341664630919695	0.15168294310569763	0.8307337760925293	1.0	0	0.0	0	0.0	0	-0.12218932807445526	-0.9924769997596741	-0.007688955869525671	-0.48102298378944397	0.052441492676734924	0.8751381635665894	-0.8681513667106628	0.11063112318515778	-0.4838120937347412
-0.11999998241662979	2.5499987602233887	-6.134231789189926e-09	0.2994784414768219	0.7850956320762634	1.0	0	0.0	0	0.0	0	-0.9949551224708557	-0.07839557528495789	-0.0625976100564003	0.06206326186656952	0.009236522018909454	-0.9980295300483704	0.07881928235292435	-0.996879518032074	-0.004324439447373152
-0.11676616221666336	2.520735263824463	-0.014751004986464977	0.30228179693222046	0.7907050848007202	1.0	0	0.0	0	0.0	0	-0.9949551224708557	-0.07839557528495789	-0.0625976100564003	0.06206326186656952	0.009236522018909454	-0.9980295300483704	0.07881927490234375	-0.996879518032074	-0.004324439913034439
-0.11769422143697739	2.520735263824463	-6.2350200558114466e-09	0.2996780574321747	0.7906790375709534	1.0	0	0.0	0	0.0	0	-0.9949551224708557	-0.07839557528495789	-0.0625976100564003	0.06206325814127922	0.00923652108758688	-0.9980294704437256	0.07881928235292435	-0.9968795776367188	-0.004324439447373152
-0.023410869762301445	2.6971166133880615	-7.562308113051586e-09	0.20140518248081207	0.8312350511550903	1.0	0	0.0	0	0.0	0	-0.3544620871543884	0.934804379940033	-0.022303864359855652	-0.4220254421234131	-0.1386488676071167	0.8959190249443054	0.8344166278839111	0.32698214054107666	0.4436569809913635
-0.045559898018836975	2.6885807514190674	-0.005755564197897911	0.20211005210876465	0.8269379734992981	1.0	0	0.0	0	0.0	0	-0.3544620871543884	0.934804379940033	-0.022303864359855652	-0.42202550172805786	-0.1386488825082779	0.8959190845489502	0.8344166874885559	0.32698214054107666	0.4436570405960083
-0.04592205584049225	2.6885807514190674	-4.715667856203254e-09	0.20313328504562378	0.8273440003395081	1.0	0	0.0	0	0.0	0	-0.3544620871543884	0.934804379940033	-0.022303864359855652	-0.42202550172805786	-0.1386488825082779	0.8959190845489502	0.8344166874885559	0.32698214054107666	0.4436570405960083
-0.11086564511060715	2.49259614944458	1.7215219472177523e-08	0.300262987613678	0.7960278391838074	1.0	0	0.0	0	0.0	0	-0.9699823260307312	-0.2353917360305786	-0.06103422865271568	0.06055280566215515	0.009280030615627766	-0.9981217980384827	0.2355160117149353	-0.9718562960624695	0.005252164788544178
-0.11676616221666336	2.520735263824463	-0.014751004986464977	0.30228179693222046	0.7907050848007202	1.0	0	0.0	0	0.0	0	-0.9699823260307312	-0.2353917360305786	-0.06103422865271568	0.06055280566215515	0.009280030615627766	-0.9981217980384827	0.2355160117149353	-0.9718562960624695	0.005252164788544178
-0.10999131947755814	2.49259614944458	-0.013895143754780293	0.3027156889438629	0.7960523962974548	1.0	0	0.0	0	0.0	0	-0.9699823260307312	-0.2353917360305786	-0.06103422865271568	0.06055280938744545	0.009280028752982616	-0.9981218576431274	0.2355160266160965	-0.9718563556671143	0.0052521671168506145
-0.04592205584049225	2.6885807514190674	-4.715667856203254e-09	0.20313328504562378	0.8273440003395081	1.0	0	0.0	0	0.0	0	-0.5552124977111816	0.8309744596481323	-0.034935735166072845	-0.4138939380645752	-0.23961958289146423	0.8782222270965576	0.7214089632034302	0.5020596385002136	0.47697508335113525
-0.0661427229642868	2.6747190952301025	-0.008355778641998768	0.20316949486732483	0.8231707811355591	1.0	0	0.0	0	0.0	0	-0.5552124977111816	0.8309744596481323	-0.034935735166072845	-0.41389399766921997	-0.23961961269378662	0.8782222867012024	0.7214089632034302	0.5020596385002136	0.47697514295578003
-0.06666849553585052	2.6747190952301025	6.435735944165799e-09	0.2046550065279007	0.8237602114677429	1.0	0	0.0	0	0.0	0	-0.5552124977111816	0.8309744596481323	-0.034935735166072845	-0.4138939380645752	-0.23961956799030304	0.8782222270965576	0.7214089035987854	0.5020596385002136	0.47697508335113525
-0.09977643936872482	2.466663122177124	-8.41521519134858e-09	0.30121079087257385	0.8009365797042847	1.0	0	0.0	0	0.0	0	-0.9179303050041199	-0.3925149440765381	-0.05775781720876694	0.058822449296712875	0.009325451217591763	-0.9982248544692993	0.3923567831516266	-0.9196982979774475	0.014528576284646988
-0.10999131947755814	2.49259614944458	-0.013895143754780293	0.3027156889438629	0.7960523962974548	1.0	0	0.0	0	0.0	0	-0.9179303050041199	-0.3925149440765381	-0.05775781720876694	0.058822449296712875	0.009325453080236912	-0.9982248544692993	0.3923567831516266	-0.9196982979774475	0.014528575353324413
-0.0989895835518837	2.466663122177124	-0.012505299411714077	0.3034181594848633	0.8009586930274963	1.0	0	0.0	0	0.0	0	-0.9179303050041199	-0.3925149440765381	-0.05775781720876694	0.058822453022003174	0.009325452148914337	-0.9982249140739441	0.392356812953949	-0.9196983575820923	0.014528576284646988
-0.08485288918018341	2.656064748764038	-1.2792834347408188e-08	0.20591185986995697	0.8206214308738708	1.0	0	0.0	0	0.0	0	-0.7153432369232178	0.6973220705986023	-0.04501119628548622	-0.3988330364227295	-0.3545507490634918	0.8457104563713074	0.5737737417221069	0.6229251623153687	0.5317404866218567
-0.0661427229642868	2.6747190952301025	-0.008355778641998768	0.20316949486732483	0.8231707811355591	1.0	0	0.0	0	0.0	0	-0.7153432369232178	0.6973220705986023	-0.04501119628548622	-0.3988330066204071	-0.35455071926116943	0.8457103371620178	0.5737737417221069	0.6229251623153687	0.5317405462265015
-0.0841837152838707	2.656064748764038	-0.010634884238243103	0.20402118563652039	0.8198712468147278	1.0	0	0.0	0	0.0	0	-0.7153432369232178	0.6973220705986023	-0.04501119628548622	-0.3988330066204071	-0.3545507490634918	0.8457104563713074	0.5737737417221069	0.6229251623153687	0.5317404270172119
-0.0661427229642868	2.6747190952301025	-0.008355778641998768	0.20316949486732483	0.8231707811355591	1.0	0	0.0	0	0.0	0	-0.5464571118354797	0.8309743404388428	-0.10424219071865082	-0.42037707567214966	-0.16450749337673187	0.8923119306564331	0.7243395447731018	0.5314311385154724	0.43921878933906555
-0.044479288160800934	2.6885807514190674	-0.011420350521802902	0.20104412734508514	0.826663613319397	1.0	0	0.0	0	0.0	0	-0.5464571118354797	0.8309743404388428	-0.10424219071865082	-0.42037707567214966	-0.16450749337673187	0.8923119306564331	0.7243395447731018	0.5314311385154724	0.43921878933906555
-0.06457391381263733	2.6747190952301025	-0.016579771414399147	0.20162200927734375	0.8227725028991699	1.0	0	0.0	0	0.0	0	-0.5464571118354797	0.8309743404388428	-0.10424219071865082	-0.42037707567214966	-0.16450749337673187	0.8923119306564331	0.7243395447731018	0.5314311385154724	0.43921878933906555
-0.10999131947755814	2.49259614944458	-0.013895143754780293	0.3027156889438629	0.7960523962974548	1.0	0	0.0	0	0.0	0	-0.9034544229507446	-0.39251482486724854	-0.17234334349632263	0.18474163115024567	0.006286929361522198	-0.9827671051025391	0.38683414459228516	-0.91972416639328	0.06683387607336044
-0.09664168953895569	2.466663122177124	-0.024813376367092133	0.3057248294353485	0.8009735941886902	1.0	0	0.0	0	0.0	0	-0.9034544229507446	-0.39251482486724854	-0.17234334349632263	0.18474163115024567	0.006286934949457645	-0.9827670454978943	0.38683414459228516	-0.9197242259979248	0.06683386862277985
-0.0989895835518837	2.466663122177124	-0.012505299411714077	0.3034181594848633	0.8009586930274963	1.0	0	0.0	0	0.0	0	-0.9034544229507446	-0.39251482486724854	-0.17234334349632263	0.18474163115024567	0.006286929827183485	-0.9827670454978943	0.38683414459228516	-0.9197242259979248	0.06683386862277985
-0.0841837152838707	2.656064748764038	-0.010634884238243103	0.304339736700058	0.7646890878677368	1.0	0	0.0	0	0.0	0	-0.7040624022483826	0.6973219513893127	-0.13430668413639069	0.19316625595092773	0.006060982588678598	-0.981147289276123	-0.6833615303039551	-0.7167324423789978	-0.1389663815498352
-0.06457391381263733	2.6747190952301025	-0.016579771414399147	0.3070264458656311	0.7610507607460022	1.0	0	0.0	0	0.0	0	-0.7040624022483826	0.6973219513893127	-0.13430668413639069	0.19316625595092773	0.006060992833226919	-0.9811473488807678	-0.6833615303039551	-0.7167324423789978	-0.1389663815498352
-0.08218700438737869	2.656064748764038	-0.021102042868733406	0.30630138516426086	0.7647017240524292	1.0	0	0.0	0	0.0	0	-0.7040624022483826	0.6973219513893127	-0.13430668413639069	0.19316625595092773	0.006060982588678598	-0.9811473488807678	-0.6833615303039551	-0.7167324423789978	-0.138966366648674
-0.0989895835518837	2.466663122177124	-0.012505299411714077	0.3034181594848633	0.8009586930274963	1.0	0	0.0	0	0.0	0	-0.8216153979301453	-0.5480725765228271	-0.1567310094833374	0.18329858779907227	0.0063338689506053925	-0.9830369353294373	0.5397682785987854	-0.8364068269729614	0.09525692462921143
-0.08218700438737869	2.4439327716827393	-0.021102042868733406	0.30632391571998596	0.8052480816841125	1.0	0	0.0	0	0.0	0	-0.8216153979301453	-0.5480725765228271	-0.1567310094833374	0.18329858779907227	0.0063338857144117355	-0.9830369353294373	0.5397682785987854	-0.8364068269729614	0.09525692462921143
-0.0841837152838707	2.4439327716827393	-0.010634884238243103	0.3043622672557831	0.8052353858947754	1.0	0	0.0	0	0.0	0	-0.8216153979301453	-0.5480725765228271	-0.1567310094833374	0.18329858779907227	0.006333885248750448	-0.9830368757247925	0.5397682785987854	-0.8364067673683167	0.09525691717863083
-0.0841837152838707	2.656064748764038	-0.010634884238243103	0.304339736700058	0.7646890878677368	1.0	0	0.0	0	0.0	0	-0.8216152787208557	0.5480725169181824	-0.15673168003559113	0.19133411347866058	0.006148799322545528	-0.9815056920051575	-0.5369725823402405	-0.8364081978797913	-0.10991691797971725
-0.09664168953895569	2.6333343982696533	-0.024813376367092133	0.3057071268558502	0.7691165804862976	1.0	0	0.0	0	0.0	0	-0.8216152787208557	0.5480725169181824	-0.15673168003559113	0.19133412837982178	0.006148792337626219	-0.9815057516098022	-0.5369726419448853	-0.836408257484436	-0.10991691797971725
-0.0989895835518837	2.6333343982696533	-0.012505299411714077	0.303400456905365	0.769101619720459	1.0	0	0.0	0	0.0	0	-0.8216152787208557	0.5480725169181824	-0.15673168003559113	0.19133411347866058	0.006148791406303644	-0.9815056920051575	-0.5369725823402405	-0.8364081978797913	-0.10991691052913666
-0.0841837152838707	2.4439327716827393	-0.010634884238243103	0.1564948856830597	0.841647744178772	1.0	0	0.0	0	0.0	0	-0.7040667533874512	-0.6973173022270203	-0.13430781662464142	-0.4593486487865448	0.3029703199863434	0.8349897265434265	-0.5415615439414978	0.6495826244354248	-0.5336230993270874
-0.06457391381263733	2.4252781867980957	-0.016579771414399147	0.15347278118133545	0.83891361951828	1.0	0	0.0	0	0.0	0	-0.7040667533874512	-0.6973173022270203	-0.13430781662464142	-0.4593485891819	0.302970290184021	0.8349896669387817	-0.5415615439414978	0.6495826244354248	-0.5336230993270874
-0.0661427229642868	2.4252781867980957	-0.008355778641998768	0.15499214828014374	0.8384190797805786	1.0	0	0.0	0	0.0	0	-0.7040667533874512	-0.6973173022270203	-0.13430781662464142	-0.4593486487865448	0.3029703199863434	0.8349897265434265	-0.5415615439414978	0.6495826244354248	-0.5336230993270874
-0.10999131947755814	2.607401132583618	-0.013895143754780293	0.30270349979400635	0.77410888671875	1.0	0	0.0	0	0.0	0	-0.9034557342529297	0.3925122916698456	-0.17234234511852264	0.1899687647819519	0.006184995174407959	-0.9817706942558289	-0.3842911422252655	-0.9197260141372681	-0.08015293627977371
-0.09664168953895569	2.6333343982696533	-0.024813376367092133	0.3057071268558502	0.7691165804862976	1.0	0	0.0	0	0.0	0	-0.9034557342529297	0.3925122916698456	-0.17234234511852264	0.1899687498807907	0.006184988655149937	-0.9817706346511841	-0.3842911124229431	-0.9197259545326233	-0.08015292882919312
-0.10738249868154526	2.607401132583618	-0.027571141719818115	0.30526652932167053	0.7741255164146423	1.0	0	0.0	0	0.0	0	-0.9034557342529297	0.3925122916698456	-0.17234234511852264	0.18996873497962952	0.006185000296682119	-0.9817706346511841	-0.3842911124229431	-0.9197259545326233	-0.08015293627977371
-0.0661427229642868	2.4252781867980957	-0.008355778641998768	0.15499214828014374	0.8384190797805786	1.0	0	0.0	0	0.0	0	-0.5464505553245544	-0.8309788703918457	-0.10424046218395233	-0.47188666462898254	0.20267602801322937	0.8580474853515625	-0.6918922066688538	0.5180701613426208	-0.5028802156448364
-0.044479288160800934	2.41141676902771	-0.011420350521802902	0.15232080221176147	0.8350745439529419	1.0	0	0.0	0	0.0	0	-0.5464505553245544	-0.8309788703918457	-0.10424046218395233	-0.47188666462898254	0.20267602801322937	0.8580475449562073	-0.6918922066688538	0.5180701613426208	-0.5028802156448364
-0.045559898018836975	2.41141676902771	-0.005755564197897911	0.15336735546588898	0.8347339034080505	1.0	0	0.0	0	0.0	0	-0.5464505553245544	-0.8309788703918457	-0.10424046218395233	-0.47188663482666016	0.20267599821090698	0.8580474257469177	-0.6918922066688538	0.5180701613426208	-0.5028802156448364
-0.10999131947755814	2.607401132583618	-0.013895143754780293	0.30270349979400635	0.77410888671875	1.0	0	0.0	0	0.0	0	-0.9546850323677063	0.2353934496641159	-0.18211618065834045	0.1888498216867447	0.0061874291859567165	-0.9819864630699158	-0.23002637922763824	-0.9718804955482483	-0.050361063331365585
-0.11399663239717484	2.5792622566223145	-0.029269367456436157	0.3049964904785156	0.7795360088348389	1.0	0	0.0	0	0.0	0	-0.9546850323677063	0.2353934496641159	-0.18211618065834045	0.1888498216867447	0.006187428720295429	-0.9819864630699158	-0.23002637922763824	-0.9718804955482483	-0.050361063331365585
-0.11676616221666336	2.5792622566223145	-0.014751004986464977	0.3022755980491638	0.7795184254646301	1.0	0	0.0	0	0.0	0	-0.9546850323677063	0.2353934496641159	-0.18211618065834045	0.1888498216867447	0.006187428720295429	-0.9819864630699158	-0.23002637922763824	-0.9718804955482483	-0.050361063331365585
-0.045559898018836975	2.41141676902771	-0.005755564197897911	0.15336735546588898	0.8347339034080505	1.0	0	0.0	0	0.0	0	-0.34887218475341797	-0.934804379940033	-0.06655082106590271	-0.4785512387752533	0.11663990467786789	0.8702781200408936	-0.8057773113250732	0.3354637920856476	-0.48804420232772827
-0.022675340995192528	2.402880907058716	-0.005822049453854561	0.1511494219303131	0.8309074640274048	1.0	0	0.0	0	0.0	0	-0.34887218475341797	-0.934804379940033	-0.06655082106590271	-0.4785512685775757	0.11663991957902908	0.8702781200408936	-0.8057773113250732	0.3354637920856476	-0.48804423213005066
-0.023226233199238777	2.402880907058716	-0.0029341664630919695	0.15168294310569763	0.8307337760925293	1.0	0	0.0	0	0.0	0	-0.34887218475341797	-0.934804379940033	-0.06655082106590271	-0.4785512089729309	0.11663990467786789	0.8702780604362488	-0.8057772517204285	0.3354637920856476	-0.4880441725254059
-0.11676616221666336	2.5792622566223145	-0.014751004986464977	0.3022755980491638	0.7795184254646301	1.0	0	0.0	0	0.0	0	-0.9792640805244446	0.07839614897966385	-0.18680459260940552	0.18785788118839264	0.006216846406459808	-0.9821765422821045	-0.07583752274513245	-0.9969029426574707	-0.02081526815891266
-0.11622997373342514	2.5499987602233887	-0.029842793941497803	0.3049074113368988	0.7851400971412659	1.0	0	0.0	0	0.0	0	-0.9792640805244446	0.07839614897966385	-0.18680459260940552	0.18785788118839264	0.006216846872121096	-0.9821765422821045	-0.07583752274513245	-0.9969029426574707	-0.020815270021557808
-0.11905375868082047	2.5499987602233887	-0.015039993450045586	0.3021332025527954	0.7851221561431885	1.0	0	0.0	0	0.0	0	-0.9792640805244446	0.07839614897966385	-0.18680459260940552	0.18785788118839264	0.006216848269104958	-0.9821766018867493	-0.07583751529455185	-0.9969028830528259	-0.02081526815891266
-0.023226233199238777	2.6971166133880615	-0.0029341664630919695	0.20088353753089905	0.8310280442237854	1.0	0	0.0	0	0.0	0	-0.12025273591279984	0.9924781918525696	-0.022939376533031464	-0.4257040023803711	-0.03067777492105961	0.9043423533439636	0.8968362808227539	0.1185150295495987	0.4261910021305084
3.7252898543727042e-09	2.699998617172241	-1.1379597708582878e-08	0.19953709840774536	0.8352838158607483	1.0	0	0.0	0	0.0	0	-0.12025273591279984	0.9924781918525696	-0.022939376533031464	-0.4257039427757263	-0.03067776933312416	0.9043422937393188	0.8968363404273987	0.11851503700017929	0.4261910021305084
-0.022675340995192528	2.6971166133880615	-0.005822049453854561	0.2003401219844818	0.8308882117271423	1.0	0	0.0	0	0.0	0	-0.12025273591279984	0.9924781918525696	-0.022939376533031464	-0.4257039427757263	-0.03067776747047901	0.9043423533439636	0.8968364000320435	0.11851504445075989	0.4261910021305084
3.7252898543727042e-09	2.399998664855957	-1.1379597708582878e-08	0.15000365674495697	0.8265725374221802	1.0	0	0.0	0	0.0	0	-0.12026253342628479	-0.9924770593643188	-0.022941265255212784	-0.4814148247241974	0.03809388726949692	0.8756647109985352	-0.8682031035423279	0.11635390669107437	-0.482374370098114
-0.023226233199238777	2.402880907058716	-0.0029341664630919695	0.15168294310569763	0.8307337760925293	1.0	0	0.0	0	0.0	0	-0.12026253342628479	-0.9924770593643188	-0.022941265255212784	-0.4814148247241974	0.03809388726949692	0.8756647109985352	-0.8682031035423279	0.11635390669107437	-0.482374370098114
-0.022675340995192528	2.402880907058716	-0.005822049453854561	0.1511494219303131	0.8309074640274048	1.0	0	0.0	0	0.0	0	-0.12026253342628479	-0.9924770593643188	-0.022941265255212784	-0.4814148545265198	0.038093894720077515	0.8756647706031799	-0.8682031631469727	0.11635391414165497	-0.4823743999004364
-0.11905375868082047	2.5499987602233887	-0.015039993450045586	0.3021332025527954	0.7851221561431885	1.0	0	0.0	0	0.0	0	-0.9792640209197998	-0.07839615643024445	-0.1868048906326294	0.18689624965190887	0.006235858891159296	-0.9823599457740784	0.07817812263965607	-0.9969027638435364	0.008545394986867905
-0.11399663239717484	2.520735263824463	-0.029269367456436157	0.30500268936157227	0.790722668170929	1.0	0	0.0	0	0.0	0	-0.9792640209197998	-0.07839615643024445	-0.1868048906326294	0.18689624965190887	0.006235858891159296	-0.9823599457740784	0.07817812263965607	-0.9969027638435364	0.008545394986867905
-0.11676616221666336	2.520735263824463	-0.014751004986464977	0.30228179693222046	0.7907050848007202	1.0	0	0.0	0	0.0	0	-0.9792640209197998	-0.07839615643024445	-0.1868048906326294	0.18689623475074768	0.006235857028514147	-0.9823598265647888	0.07817813009023666	-0.9969027638435364	0.00854539591819048
-0.045559898018836975	2.6885807514190674	-0.005755564197897911	0.20211005210876465	0.8269379734992981	1.0	0	0.0	0	0.0	0	-0.34887218475341797	0.934804379940033	-0.06655055284500122	-0.4241749346256256	-0.09418313950300217	0.900669276714325	0.8356816172599792	0.34244754910469055	0.4293784499168396
-0.022675340995192528	2.6971166133880615	-0.005822049453854561	0.2003401219844818	0.8308882117271423	1.0	0	0.0	0	0.0	0	-0.34887218475341797	0.934804379940033	-0.06655055284500122	-0.4241749346256256	-0.09418312460184097	0.900669276714325	0.8356816172599792	0.34244754910469055	0.4293784499168396
-0.044479288160800934	2.6885807514190674	-0.011420350521802902	0.20104412734508514	0.826663613319397	1.0	0	0.0	0	0.0	0	-0.34887218475341797	0.934804379940033	-0.06655055284500122	-0.4241749346256256	-0.09418313950300217	0.900669276714325	0.8356816172599792	0.34244754910469055	0.4293784499168396
-0.11676616221666336	2.520735263824463	-0.014751004986464977	0.30228179693222046	0.7907050848007202	1.0	0	0.0	0	0.0	0	-0.9546858072280884	-0.23539161682128906	-0.18211498856544495	0.1858862340450287	0.00626348378136754	-0.9825513362884521	0.23242498934268951	-0.9718803763389587	0.0377763994038105
-0.10738249868154526	2.49259614944458	-0.027571141719818115	0.3052787184715271	0.7960689663887024	1.0	0	0.0	0	0.0	0	-0.9546858072280884	-0.23539161682128906	-0.18211498856544495	0.1858862340450287	0.0062634870409965515	-0.9825513362884521	0.23242498934268951	-0.9718803763389587	0.0377763956785202
-0.10999131947755814	2.49259614944458	-0.013895143754780293	0.3027156889438629	0.7960523962974548	1.0	0	0.0	0	0.0	0	-0.9546858072280884	-0.23539161682128906	-0.18211498856544495	0.18588624894618988	0.006263487972319126	-0.9825513958930969	0.2324250042438507	-0.9718804359436035	0.0377763994038105
-0.11399663239717484	2.5792622566223145	-0.029269367456436157	0.3049964904785156	0.7795360088348389	1.0	0	0.0	0	0.0	0	-0.9243320822715759	0.2353927493095398	-0.3003338873386383	0.30973052978515625	0.003103936556726694	-0.9508193135261536	-0.22288376092910767	-0.9718953967094421	-0.07577738910913467
-0.10308017581701279	2.607401132583618	-0.040812332183122635	0.30789944529533386	0.7741338610649109	1.0	0	0.0	0	0.0	0	-0.9243320822715759	0.2353927493095398	-0.3003338873386383	0.30973052978515625	0.003103936556726694	-0.9508193135261536	-0.22288376092910767	-0.9718953967094421	-0.07577738910913467
-0.10942930728197098	2.5792622566223145	-0.04332613945007324	0.3077915906906128	0.7795448303222656	1.0	0	0.0	0	0.0	0	-0.9243320822715759	0.2353927493095398	-0.3003338873386383	0.30973055958747864	0.0031039370223879814	-0.9508193731307983	-0.22288377583026886	-0.9718954563140869	-0.07577739655971527
-0.022675340995192528	2.402880907058716	-0.005822049453854561	0.1511494219303131	0.8309074640274048	1.0	0	0.0	0	0.0	0	-0.33778002858161926	-0.9348044395446777	-0.10975159704685211	-0.48050209879875183	0.0709972158074379	0.8741150498390198	-0.8093345761299133	0.34799447655677795	-0.47315695881843567
-0.042697206139564514	2.41141676902771	-0.016905032098293304	0.15123987197875977	0.8352810740470886	1.0	0	0.0	0	0.0	0	-0.33778002858161926	-0.9348044395446777	-0.10975159704685211	-0.48050206899642944	0.07099717855453491	0.8741150498390198	-0.8093345761299133	0.34799447655677795	-0.4731568992137909
-0.021766843274235725	2.402880907058716	-0.008618115447461605	0.15059836208820343	0.8310127258300781	1.0	0	0.0	0	0.0	0	-0.33778002858161926	-0.9348044395446777	-0.10975159704685211	-0.48050209879875183	0.0709972158074379	0.8741150498390198	-0.8093345761299133	0.34799447655677795	-0.47315695881843567
-0.11622997373342514	2.5499987602233887	-0.029842793941497803	0.3049074113368988	0.7851400971412659	1.0	0	0.0	0	0.0	0	-0.9481293559074402	0.0783962681889534	-0.308066189289093	0.30925053358078003	0.0031392464879900217	-0.9509754776954651	-0.07358583807945251	-0.9969173669815063	-0.027220500633120537
-0.10942930728197098	2.5792622566223145	-0.04332613945007324	0.3077915906906128	0.7795448303222656	1.0	0	0.0	0	0.0	0	-0.9481293559074402	0.0783962681889534	-0.308066189289093	0.30925050377845764	0.0031392485834658146	-0.9509754180908203	-0.07358583062887192	-0.9969173073768616	-0.027220498770475388
-0.11157316714525223	2.5499987602233887	-0.044174958020448685	0.30775725841522217	0.7851491570472717	1.0	0	0.0	0	0.0	0	-0.9481293559074402	0.0783962681889534	-0.308066189289093	0.30925053358078003	0.0031392492819577456	-0.9509754776954651	-0.07358583062887192	-0.9969173669815063	-0.027220502495765686
-0.022675340995192528	2.6971166133880615	-0.005822049453854561	0.2003401219844818	0.8308882117271423	1.0	0	0.0	0	0.0	0	-0.1164294183254242	0.9924783110618591	-0.03783029317855835	-0.4259500205516815	-0.015487789176404476	0.9046141505241394	0.8972240090370178	0.12143751233816147	0.4245493412017822
3.7252898543727042e-09	2.699998617172241	-1.1379597708582878e-08	0.19953709840774536	0.8352838158607483	1.0	0	0.0	0	0.0	0	-0.1164294183254242	0.9924783110618591	-0.03783029317855835	-0.42594999074935913	-0.015487787313759327	0.9046141505241394	0.8972240090370178	0.12143751233816147	0.4245493412017822
-0.021766843274235725	2.6971166133880615	-0.008618115447461605	0.19978351891040802	0.8308176398277283	1.0	0	0.0	0	0.0	0	-0.1164294183254242	0.9924783110618591	-0.03783029317855835	-0.42594993114471436	-0.01548778172582388	0.9046140909194946	0.897223949432373	0.12143750488758087	0.42454928159713745
3.7252898543727042e-09	2.399998664855957	-1.1379597708582878e-08	0.15000365674495697	0.8265725374221802	1.0	0	0.0	0	0.0	0	-0.11643888801336288	-0.9924769997596741	-0.037833321839571	-0.4815432131290436	0.02309766411781311	0.876118004322052	-0.8686531186103821	0.12023258209228516	-0.48061004281044006
-0.022675340995192528	2.402880907058716	-0.005822049453854561	0.1511494219303131	0.8309074640274048	1.0	0	0.0	0	0.0	0	-0.11643888801336288	-0.9924769997596741	-0.037833321839571	-0.4815431833267212	0.02309766598045826	0.8761179447174072	-0.8686530590057373	0.12023257464170456	-0.4806100130081177
-0.021766843274235725	2.402880907058716	-0.008618115447461605	0.15059836208820343	0.8310127258300781	1.0	0	0.0	0	0.0	0	-0.11643888801336288	-0.9924769997596741	-0.037833321839571	-0.4815432131290436	0.023097669705748558	0.8761179447174072	-0.8686530590057373	0.12023258209228516	-0.48061004281044006
-0.11622997373342514	2.5499987602233887	-0.029842793941497803	0.3049074113368988	0.7851400971412659	1.0	0	0.0	0	0.0	0	-0.948129415512085	-0.07839629054069519	-0.30806612968444824	0.3087816834449768	0.0031287064775824547	-0.9511277675628662	0.07552873343229294	-0.9969173073768616	0.02124091610312462
-0.10942930728197098	2.520735263824463	-0.04332613945007324	0.30779778957366943	0.7907314896583557	1.0	0	0.0	0	0.0	0	-0.948129415512085	-0.07839629054069519	-0.30806612968444824	0.3087816834449768	0.0031287046149373055	-0.951127827167511	0.07552873343229294	-0.9969173669815063	0.021240919828414917
-0.11399663239717484	2.520735263824463	-0.029269367456436157	0.30500268936157227	0.790722668170929	1.0	0	0.0	0	0.0	0	-0.948129415512085	-0.07839629054069519	-0.30806612968444824	0.3087816834449768	0.003128706943243742	-0.9511277675628662	0.07552873343229294	-0.9969173073768616	0.021240917965769768
-0.022675340995192528	2.6971166133880615	-0.005822049453854561	0.2003401219844818	0.8308882117271423	1.0	0	0.0	0	0.0	0	-0.33778008818626404	0.934804379940033	-0.10975146293640137	-0.4254523813724518	-0.04762925207614899	0.9037265181541443	0.8395801186561584	0.3519548773765564	0.41380295157432556
-0.042697206139564514	2.6885807514190674	-0.016905032098293304	0.19995228946208954	0.8265253305435181	1.0	0	0.0	0	0.0	0	-0.33778008818626404	0.934804379940033	-0.10975146293640137	-0.42545247077941895	-0.047629281878471375	0.9037266373634338	0.839580237865448	0.3519549071788788	0.4138030409812927
-0.044479288160800934	2.6885807514190674	-0.011420350521802902	0.20104412734508514	0.826663613319397	1.0	0	0.0	0	0.0	0	-0.33778008818626404	0.934804379940033	-0.10975146293640137	-0.42545241117477417	-0.04762926697731018	0.9037265777587891	0.8395801782608032	0.3519548773765564	0.41380298137664795
-0.11399663239717484	2.520735263824463	-0.029269367456436157	0.30500268936157227	0.790722668170929	1.0	0	0.0	0	0.0	0	-0.9243326187133789	-0.23539097607135773	-0.30033379793167114	0.3082886338233948	0.0031547166872769594	-0.9512876868247986	0.22487196326255798	-0.9718956351280212	0.06965234875679016
-0.10308017581701279	2.49259614944458	-0.040812332183122635	0.30791163444519043	0.796077311038971	1.0	0	0.0	0	0.0	0	-0.9243326187133789	-0.23539097607135773	-0.30033379793167114	0.3082886040210724	0.0031547092366963625	-0.9512876272201538	0.22487197816371918	-0.971895694732666	0.06965235620737076
-0.10738249868154526	2.49259614944458	-0.027571141719818115	0.3052787184715271	0.7960689663887024	1.0	0	0.0	0	0.0	0	-0.9243326187133789	-0.23539097607135773	-0.30033379793167114	0.3082886338233948	0.0031547166872769594	-0.9512876868247986	0.22487196326255798	-0.9718956351280212	0.06965234875679016
-0.044479288160800934	2.6885807514190674	-0.011420350521802902	0.20104412734508514	0.826663613319397	1.0	0	0.0	0	0.0	0	-0.5290830135345459	0.830974280834198	-0.17190970480442047	-0.424532949924469	-0.08379560708999634	0.9015266299247742	0.734740138053894	0.5499637126922607	0.39711079001426697
-0.06198672950267792	2.6747190952301025	-0.024542296305298805	0.2000369131565094	0.8225716948509216	1.0	0	0.0	0	0.0	0	-0.5290830135345459	0.830974280834198	-0.17190970480442047	-0.4245329201221466	-0.08379561454057693	0.9015265107154846	0.7347400784492493	0.5499637126922607	0.3971107602119446
-0.06457391381263733	2.6747190952301025	-0.016579771414399147	0.20162200927734375	0.8227725028991699	1.0	0	0.0	0	0.0	0	-0.5290830135345459	0.830974280834198	-0.17190970480442047	-0.424532949924469	-0.08379560708999634	0.9015266299247742	0.734740138053894	0.5499637126922607	0.39711079001426697
-0.09664168953895569	2.466663122177124	-0.024813376367092133	0.3057248294353485	0.8009735941886902	1.0	0	0.0	0	0.0	0	-0.874730110168457	-0.39251524209976196	-0.2842167019844055	0.30772843956947327	0.003169410163536668	-0.9514690041542053	0.3743668496608734	-0.9197400808334351	0.11801571398973465
-0.10308017581701279	2.49259614944458	-0.040812332183122635	0.30791163444519043	0.796077311038971	1.0	0	0.0	0	0.0	0	-0.874730110168457	-0.39251524209976196	-0.2842167019844055	0.30772843956947327	0.003169398754835129	-0.9514690041542053	0.3743668496608734	-0.9197400212287903	0.11801572144031525
-0.09276970475912094	2.466663122177124	-0.03673013299703598	0.30809441208839417	0.8009811043739319	1.0	0	0.0	0	0.0	0	-0.874730110168457	-0.39251524209976196	-0.2842167019844055	0.30772843956947327	0.003169410163536668	-0.9514690041542053	0.3743668496608734	-0.9197400808334351	0.11801571398973465
-0.06457391381263733	2.6747190952301025	-0.016579771414399147	0.3070264458656311	0.7610507607460022	1.0	0	0.0	0	0.0	0	-0.6816773414611816	0.6973219513893127	-0.22149056196212769	0.3118698298931122	0.0030861052218824625	-0.9501199126243591	-0.6618558764457703	-0.7167514562606812	-0.21957741677761078
-0.07889414578676224	2.656064748764038	-0.03123641200363636	0.30831652879714966	0.7647081613540649	1.0	0	0.0	0	0.0	0	-0.6816773414611816	0.6973219513893127	-0.22149056196212769	0.3118698298931122	0.003086104989051819	-0.9501199126243591	-0.6618558764457703	-0.7167514562606812	-0.21957741677761078
-0.08218700438737869	2.656064748764038	-0.021102042868733406	0.30630138516426086	0.7647017240524292	1.0	0	0.0	0	0.0	0	-0.6816773414611816	0.6973219513893127	-0.22149056196212769	0.3118698000907898	0.0030860942788422108	-0.9501198530197144	-0.6618558764457703	-0.7167513966560364	-0.2195773720741272
-0.09664168953895569	2.466663122177124	-0.024813376367092133	0.3057248294353485	0.8009735941886902	1.0	0	0.0	0	0.0	0	-0.7954930663108826	-0.5480722784996033	-0.2584715485572815	0.3070313334465027	0.0031830817461013794	-0.951694130897522	0.5224198698997498	-0.8364249467849731	0.16574323177337646
-0.07889414578676224	2.4439327716827393	-0.03123641200363636	0.30833905935287476	0.8052544593811035	1.0	0	0.0	0	0.0	0	-0.7954930663108826	-0.5480722784996033	-0.2584715485572815	0.3070313334465027	0.0031830817461013794	-0.951694130897522	0.5224198698997498	-0.8364249467849731	0.16574323177337646
-0.08218700438737869	2.4439327716827393	-0.021102042868733406	0.30632391571998596	0.8052480816841125	1.0	0	0.0	0	0.0	0	-0.7954930663108826	-0.5480722784996033	-0.2584715485572815	0.3070313334465027	0.0031830815132707357	-0.951694130897522	0.5224198698997498	-0.8364249467849731	0.16574323177337646
-0.08218700438737869	2.656064748764038	-0.021102042868733406	0.30630138516426086	0.7647017240524292	1.0	0	0.0	0	0.0	0	-0.7954931855201721	0.548072338104248	-0.25847113132476807	0.31092217564582825	0.003060948569327593	-0.9504304528236389	-0.520113468170166	-0.8364253640174866	-0.1728428155183792
